Jogging Walking Sitting Up Down Standing

[2s]
Accuracy: 0.78
Loss: 0.291342

Confusion Matrix:
         0    1    2    3    4    5
    0  940   29   10    7   14    0
    1   27  938    0   17   10    8
    2    0    0 1000    0    0    0
    3    3   67   67  459  373   31
    4   24  128   12   24  804    8
    5    0    0    0    0    0 1000
Confusion Matrix:
         0    1    2    3    4    5
    0   96    0    2    2    0    0
    1    1   99    0    0    0    0
    2    0    0  100    0    0    0
    3    0   15    0    0   85    0
    4    0   26    0    0   74    0
    5    0    0    0    0    0  100

[4s]
Accuracy: 0.8
Loss: 0.244642
Confusion Matrix:
         0    1    2    3    4    5
    0  977    6    5    1   11    0
    1    0  997    0    0    3    0
    2    0    0 1000    0    0    0
    3    0   44   37  512  392   15
    4   22   84   15   32  844    3
    5    0    0    0    0    0 1000
Confusion Matrix:
         0    1    2    3    4    5
    0  100    0    0    0    0    0
    1    0  100    0    0    0    0
    2    0    0  100    0    0    0
    3    0   11    0    0   89    0
    4    0   16    0    0   84    0
    5    0    0    0    0    0  100

[6s]
Accuracy: 0.83
Loss: 0.23013
Confusion Matrix:
         0    1    2    3    4    5
    0  983    5    2    0   10    0
    1    1  996    0    3    0    0
    2    0    0 1000    0    0    0
    3    0   11   21  537  423    8
    4   20   20   14   33  905    8
    5    0    0    0    0    0 1000
Confusion Matrix:
         0    1    2    3    4    5
    0  100    0    0    0    0    0
    1    0  100    0    0    0    0
    2    0    0  100    0    0    0
    3    0    3    0    0   97    0
    4    0    1    0    0   99    0
    5    0    0    0    0    0  100

[8s]
Accuracy: 0.828333
Loss: 0.224228
Confusion Matrix:
         0    1    2    3    4    5
    0  998    2    0    0    0    0
    1    0 1000    0    0    0    0
    2    0    0 1000    0    0    0
    3    0    3   36  546  413    2
    4   26    1   11   74  878   10
    5    0    0    0    0    0 1000
Confusion Matrix:
         0    1    2    3    4    5
    0  100    0    0    0    0    0
    1    0  100    0    0    0    0
    2    0    0  100    0    0    0
    3    0    0    0    1   99    0
    4    0    0    0    3   97    0
    5    0    0    0    0    0  100

[10s]
Accuracy: 0.833333
Loss: 0.232347
Confusion Matrix:
         0    1    2    3    4    5
    0 1000    0    0    0    0    0
    1    0  998    0    2    0    0
    2    0    0 1000    0    0    0
    3    0    8   66  449  477    0
    4   26    0   12   54  908    0
    5    0    0    0    0    0 1000
Confusion Matrix:
         0    1    2    3    4    5
    0  100    0    0    0    0    0
    1    0  100    0    0    0    0
    2    0    0  100    0    0    0
    3    0    0    0    0  100    0
    4    0    0    0    0  100    0
    5    0    0    0    0    0  100
